1000
71315
68498
71981
03830
47335
69708
62026
27445
48402
72779
46369
86073
08159
58091
39964
97561
38235
88030
60041
92130
28316
83745
73764
83680
83167
54063
23020
02977
08815
80401
94041
23671
69968
58130
98936
99058
53568
26777
22097
75198
19409
59945
75620
07793
85681
42874
05554
14616
95403
61528
27397
47539
47729
89113
90585
78764
08366
62528
29375
18107
96740
00892
51583
74255
19034
29122
38552
38794
87209
97880
98551
54907
15817
59952
97087
10724
17010
53066
98748
75410
64222
26444
44398
29053
11568
69906
50869
88331
12994
32131
68300
96324
23575
15979
85107
96874
80628
99325
62584
35756
50710
74261
60683
29705
82709
80927
35406
44908
19804
68134
01075
63295
23106
66615
49402
61113
27321
25655
87053
23152
05144
44888
09552
74932
91983
98498
46183
75827
26255
11819
23000
62699
53378
43123
74672
25211
08285
48160
93127
35605
35146
39232
75683
76436
70160
37702
41241
37018
71074
76727
98812
89605
49546
85088
53828
00717
80927
41672
17753
30972
74942
41213
60570
80638
19886
27186
30340
35721
50035
07968
55253
85746
66989
24490
57675
59768
60560
13680
19445
21346
12134
42611
52136
91904
17553
50614
31347
49869
88447
09275
29218
99333
33106
95988
99564
83507
86396
43215
72455
76475
29801
75883
21329
37856
17695
81766
36483
20743
89744
76447
66730
55449
01098
68705
72943
94723
88330
26239
58677
63048
09024
00321
75937
08058
45909
74105
63251
36308
63461
65634
97581
05154
19409
65753
61722
79333
60664
55982
32395
30980
25473
59159
91921
64509
62811
34482
52570
47618
46751
23929
23740
37762
01820
48626
16051
70129
19578
27647
49980
68213
96937
47914
47542
61487
66883
03674
82890
31585
06618
69951
53037
90408
80529
23616
18958
07899
88351
79562
08398
36770
61460
58279
42126
83537
91212
12409
82668
39333
01114
75788
10324
71566
82044
62309
98318
07935
43080
68133
80913
64607
06822
97697
77233
92339
36247
10173
96819
58070
63375
02775
61392
28038
50640
04544
92188
64787
74336
38776
50537
95752
64277
31016
49508
54331
01919
42938
40229
07033
39932
07159
12655
98459
70355
22899
96199
12600
20649
83806
84505
25820
02992
54004
21778
81107
45919
08646
49857
01404
00275
59254
54844
63145
39327
31354
26507
38945
23872
87180
52223
46075
13930
40495
26722
43754
28791
16425
91114
94299
70874
00166
85453
69836
35909
03463
37789
32970
26828
93671
56717
35489
46442
23943
37512
44636
17559
93459
83446
14119
89174
17555
44912
48666
54728
37972
01184
29125
68319
40919
89631
28163
57607
70402
93727
32682
22906
29823
29359
61699
44970
85176
10817
66479
89946
05625
06875
75393
86523
01283
15751
73028
75844
19144
90657
58527
44407
68058
92154
37145
19512
76853
60823
20269
88236
00993
42752
83587
62511
02687
73903
04997
71150
05082
27740
84318
11249
76554
82009
19008
62834
15405
60871
13238
88092
63504
91591
55975
70387
10338
06635
52994
73386
22953
20827
84518
70114
91844
77866
45497
37559
53667
27364
06374
62928
48389
96376
46109
76591
17720
28859
13885
62851
19782
00964
44035
18806
14578
99586
42136
99173
00362
04570
05939
48898
19103
01070
45053
22516
30205
39781
45157
27578
04025
12055
93132
22260
53887
68223
76795
25012
08836
28173
74253
73783
17669
13134
87661
64567
37400
77257
45958
97976
64208
47887
85420
75168
71673
41147
06229
92123
04788
64262
17492
36228
79508
20934
11187
37296
89027
08079
07607
60037
59853
41241
23066
41334
84741
67725
46583
57295
07650
10538
77106
16256
22155
15614
64862
17053
97143
01002
34510
19604
66512
12170
90850
45034
97889
37878
37682
68397
21911
03514
27255
98767
27834
09841
31669
05315
97011
60163
71502
61402
30682
41260
29339
60287
49996
87264
11062
55045
53924
97801
60166
61129
28805
58614
88812
86332
20938
48072
57356
89775
33651
92701
66198
80912
39855
92470
62090
61128
94972
62885
16867
90943
33507
53643
76625
29458
14719
83015
31826
70120
55919
76828
00095
32550
57986
63887
96213
03974
12185
74453
92651
25354
40988
26215
55747
14007
81047
30384
64826
11908
52666
63035
70222
25497
73859
25959
12635
17420
13853
72651
18909
65043
86731
35888
34844
68824
62724
42970
28634
62403
83728
80330
47891
85076
92031
24074
16684
44401
17084
32592
82155
36975
32839
81948
46677
48167
27263
61008
58317
22553
47602
67828
62280
33912
87890
56840
78533
58203
49605
74810
27717
87735
40907
62692
43472
02496
10312
41861
03116
25834
77347
09790
78984
38240
19013
12991
88903
51464
42676
69985
33382
85117
60923
59987
03366
81674
65849
90187
58410
15526
53426
72411
33494
78900
38957
86231
67271
73093
28960
21100
96460
66380
89559
56912
08777
58660
54650
64114
08180
19924
57100
03781
19822
71068
85032
54100
54392
41674
23197
89075
36682
51202
34005
83878
10986
29327
18775
02898
28898
31319
24866
89152
44443
73232
75714
43296
66855
23417
93128
53679
27429
49156
26278
53548
59585
39356
83796
92324
75275
93756
14932
05156
43782
61611
22656
36280
57865
29017
70122
28168
41809
88870
54189
82943
21830
41346
01461
97050
62130
71758
69374
95385
20880
72282
64460
08822
75764
71701
16011
24992
63303
88323
51716
81249
17718
49255
21322
23827
04299
54953
51512
71045
66497
02768
30628
88085
14757
31338
34101
49241
68759
92415
46155
04552
26093
93136
16744
34835
17343
43501
61482
02179
25151
00170
78105
60865
75949
81815
51032
96201
58322
43018
17894
71911
54110
35678
13664
89455
63238
22540
13558
33152
26906
57036
50919
10725
36201
25657
59202
07634
37221
39178
49383
74932
30704
06476
09260
73391
90265
36088
46118
45414
17782
21930
99366
74806
98261
64891
54527
26977
79474
29237
01408
07287
12529
02671
13270
44752
16064
09280
86247
16607
48577
70897
03957
39491
56848
12574
14838
80935
03271
20138
13461
83812
56191
16068
10873
20684
90750
59784
77036
51730
03855
95245
35335
07814
88594
44688
89839
27604
68611
13030
17268
73929
93328
04188
98276
46968
83113
25922
52267
05962
40446
92171
43407
94638
17035
18069
55731
22733
27323
85317
30348
58246
97324
34777
51618
06365
61305
79452
10696
17455
68691
07963
94700
29439
19169
06577
68041
94608
00557
80058
13630
67183
58513
72747
24467
89587
69726
47938
06686
24164
14142
95164
77433
66818
25591
41547
27996
77678
17626
16866
38500
01247
57550
10971
90673
55689
67070
