1000
5848363
9832726
9298668
5728459
8118285
9904094
7324797
7740466
1952061
7216459
9990810
0800558
8818469
1774261
9489966
1259457
4171860
0057538
4467596
5333644
8683525
0034128
5140816
7380584
7431429
6786528
3262534
8351484
7408017
4300262
1690720
0197186
8236501
9440841
9842308
6830464
9394973
8516126
2431958
6625703
0136037
0870854
8888159
4427605
3109710
3500557
4271984
9170827
7926547
2922524
3231511
9858483
7628801
0688737
4347617
3848983
5267257
1719596
3010652
4203316
1146578
5825297
3625346
0917308
7098077
4387514
4364732
1480997
4925204
5959888
2154103
1392129
4601890
3621654
8275835
4978996
4951022
4363584
2374818
9046755
6494860
3958902
8448108
3703458
0514414
8288003
0552461
0905502
6089141
0171005
4267852
6929285
2925495
0085509
0368923
8665197
8231201
8414730
0715090
3034720
4306274
4077197
3189560
7721454
5987403
4329784
1370482
1176678
8841319
8853517
0062632
6814434
1864591
9822721
0081067
0799984
9225435
7142875
4623223
2433032
9658495
3175512
6654640
4666313
4443253
9991404
8229366
4974189
8722666
8784808
1670705
8649261
7769438
1187480
1949960
1984263
0642786
6945811
5940367
1792632
1610659
3449489
6980956
8466893
8422109
8876342
8662339
6876589
0397979
1509063
0369279
5223983
7531396
9348247
4705433
2954175
2050853
7864447
7925783
9649925
5120646
8856615
1848337
4302190
4424175
7155449
7081921
3012455
6715657
4531715
5714196
5705600
9172898
0639394
3337696
2718779
2442794
5698095
0842788
2775850
2895694
7951576
6716649
5777346
7364306
3765892
8997045
7001473
1016675
5594506
8757901
1331497
7539107
2879751
2285557
6389849
9106431
6321971
9485122
0767641
8163399
8517593
1690106
0457347
0287812
9046128
9046128
9053895
3545119
4058558
4470420
3233548
1911631
2085696
8132705
3089744
6825381
4991739
2249080
5156199
3280890
7821171
0553453
7522637
3764654
8256311
2276615
1868938
2130891
9219532
4890377
8540829
4942038
9955710
4357829
8493115
5916159
1530456
3478946
6486488
4487859
0957643
6590253
9646181
5258502
2248952
5210464
1790185
2989075
1993811
6315083
2083077
1907607
9772120
2527467
2724136
8320235
3025078
8463204
4759682
6222731
7422279
6085003
4415946
3270256
2026375
8250653
9838058
3610650
7214913
6176991
0592463
6879154
3705241
7383323
1732582
3116201
5549863
5040389
0918767
7380981
6142654
7921486
7215027
7037409
9205418
2899350
2624074
2048572
5636214
5986134
5362327
5935308
8382914
3604451
9213250
0889029
5334291
3461506
9947410
0740226
5489001
6112832
9708532
9822144
9081773
4577249
0378128
3587644
3609388
2800708
4801899
5844546
7161737
8621624
9852991
4441331
3449992
4494234
7633785
4916704
1549525
9875155
9604398
1978014
2940077
6297949
1868074
5407212
7589334
3007327
9613498
9853413
0164863
0184135
1910287
4756408
1859013
1525467
0715986
4956333
2236040
7945830
1699764
2064898
5201967
5872762
4271297
7439827
7788903
9195213
0438710
0719112
7271120
1630870
2573850
4407390
6079565
9745604
2686272
4037344
1059351
2017211
7171075
6571289
2261213
5113469
1026841
8861012
2810882
3408098
3557651
3798565
2687673
1523816
9927628
1104873
1782026
7245049
7131135
0913508
3466054
5847867
3954021
7507675
3925373
8516029
5727012
9020975
9424619
9310744
2834497
0897315
1408889
5826351
8344846
9098520
6653008
1898393
6441512
5196154
6311621
1540671
1192776
2737898
5600099
5432419
6173134
1347897
3462463
9075305
7513687
4496577
0295190
0581318
0592242
8612022
8629095
5700305
5066464
9421345
9524626
4574961
1576903
9991030
4922950
8987377
8114930
0829096
9121707
4662485
2085921
3608158
0822899
7424129
9837840
4083071
0442318
0477185
3513231
1673015
3105608
4940603
5225581
2346019
0473153
7458641
6529635
3002137
2932394
5740553
6496837
9404464
8071893
6537537
5654419
9962217
3866300
9841632
6199616
1393067
4450761
1935764
4262101
5670146
7961695
3837346
9991572
7193469
0449696
2652913
8229246
3357669
2275411
4773118
9748849
0214770
0184601
6441508
6878701
1310730
2194339
9517188
5451788
9661526
0828033
4107464
7162128
9211357
0425814
4031320
6547522
7198813
0880299
2191684
9962382
4784842
8497011
1791612
5883204
5585793
4659991
8794185
7338735
2704698
1977097
2527686
5490715
2548496
5020507
3521184
1096515
7649561
7330203
0396419
3788737
7798654
5820648
4649477
5375892
3712124
5286969
1399086
4524548
2683421
9326875
1843724
3662182
3020827
6566294
4001961
8861145
2023845
4037581
4883226
3795778
2590301
1752226
5526204
3609033
5914573
5379978
5271174
4970211
5672573
7702963
7447298
0422581
5445688
7175709
6984850
0708859
5083224
3824214
8673075
4478253
8662313
7563744
9890303
1402681
7658139
1880890
3972970
9670113
9394815
3002857
8206486
2678712
5643426
6027631
6117531
9234748
2510180
4820871
0605306
9879588
9759428
3884507
0652702
1993603
9213593
7927170
4119834
3295528
7897729
4736383
8232395
3697713
6290831
3277931
2828428
6929229
8894033
0948298
0689247
9723294
3105082
8606131
2441994
9090262
0799869
3147907
6993355
8727337
2779883
8364749
1190650
5983450
6914203
4600072
4768572
7265087
4746402
4410903
5288313
8180549
6409395
0469113
0357089
4616259
4291585
8656681
3276243
6449413
7561797
8690799
8489379
9529128
2279434
5997223
9213015
5161180
3221367
1842959
5561399
8870846
9950084
9758743
0887543
5149006
6523065
7337194
0463511
0428109
7193416
0528947
7313695
1276589
7878405
5309805
8838535
1544175
3319587
2512280
2950124
7605193
7703691
0951774
9982744
3265403
7960031
0306356
4444725
7699549
6948657
1345759
9137266
4883713
1405362
7245299
6108753
9043474
6344271
1367441
5389831
6736876
7932093
6099524
8772075
2399361
2840215
0610026
3080685
6840218
2665051
8965186
4252926
2776448
8801516
2696909
4467504
1678065
5222800
3339078
7861439
2642995
5388159
1252646
1878946
0288077
1384420
6457631
9400087
9986338
0174689
1300393
2388052
1978895
2594428
8170259
3104580
5036805
4722643
9094747
3030341
8922229
2914897
8728486
0695630
2381791
7018478
8334523
6222895
7510344
8756259
9370374
8607608
0082711
1445783
4415009
9839561
8888002
9497266
6163425
0629611
9597644
9238643
9560477
0937743
0722358
8595514
2828556
2517865
5282539
3177074
5135723
9822588
0828561
6137413
3857609
9502334
5846108
0031077
1138426
6015398
5184534
1226290
8749017
0153908
4334509
9083530
2061147
9215149
2518248
0920271
1626666
3030615
1654777
8995654
8933150
6722429
0916402
8462047
9511352
4531905
7107443
1832964
9097962
9800705
2923555
0540880
2556063
4977775
0115990
0794574
9496048
1028051
5638494
9323346
7244320
4642306
8272214
9078234
3942052
3714179
6248093
9879620
4895282
9061158
6426631
4847927
4635026
8534960
7609676
3895008
0501521
8915628
7953786
1400749
4342981
8275713
9891675
0026429
8994175
6837050
2741967
7663236
8960192
0600139
7507285
4088415
3820876
4760057
1166373
4571229
4204393
6593040
4949643
1347371
2147337
0047954
2389993
5323670
4689523
8856794
1834695
2267254
8817854
0514341
5817517
7048600
5797353
8841446
2746867
2606857
2530644
6997464
0793045
8015298
1981844
1393446
1590328
9239411
5147412
0545450
9174603
3493872
7280051
7045218
5037262
6290978
2341990
7759984
2977357
7620309
7467563
7010362
8873583
4828525
7194194
7228527
1832288
8823083
0651280
6618365
1948734
1688014
5962232
1223058
8050073
5234166
8048281
5101861
4748150
0574727
3851238
0002511
2444504
8649029
1793324
7437331
3706469
6780369
7609314
0977099
8808627
5738394
8937968
4909558
8246304
1197651
8461581
2361301
1021502
2520574
2054756
6223790
8029108
2468699
0258202
1436331
5709681
0934658
7239358
5605237
2968084
4944258
8788878
5994192
2067229
8053164
9278756
7960639
3748480
5618293
2952454
7023540
5410556
9212406
3730733
6649153
7296837
8982142
1906728
6011863
1241315
1513554
4558322
4636377
9518439
1285823
8901787
2973863
4500125
1713350
8001946
7550485
8622095
1878159
7014178
9547575
1998205
5683637
2808195
9412327
3304995
6700808
0408161
0456281
0400841
4271986
0707983
3408654
2896550
6714956
2972430
3552913
4953683
9497737
7911504
9906146
6275370
7201411
8064037
0466867
0558779
0150098
5851663
8089884
2923275
5149973
2830605
2962426
9769929
2317061
8183325
2038451
0329729
6025157
6383625
7641681
2202458
6298442
3467888
2333543
5997562
1489541
8297361
6823692
6556532
