1000
5389
5776
7863
8084
7666
6934
8578
8979
4881
8691
3747
3348
6247
5787
4837
5581
4300
1707
6682
3548
0731
0169
4033
7560
5795
0147
1732
7951
5232
8713
6783
5766
8608
4107
9251
8864
8175
8172
1874
6516
7581
6692
6029
7183
6610
9273
6011
4712
3072
5115
6208
0197
5976
1607
1452
0105
9714
5433
8857
9941
9051
1458
5223
8205
2054
7767
0425
4984
4678
0935
6014
0105
5404
9640
7095
4577
9575
2838
1148
0288
2339
2665
1895
7483
3523
3634
5963
6508
3902
7572
4493
1570
3747
3001
7532
7865
8663
7481
5580
5160
9219
0268
4776
1627
3594
4011
9446
4509
2168
1039
6496
4298
0670
3831
6136
3866
1230
8211
5860
9276
5250
6397
2814
6514
5321
4907
9138
9474
3751
7219
0025
7291
8976
8615
9200
5122
5377
3521
1471
5563
3705
4769
3274
0285
3207
3487
8930
4493
7821
6334
2693
1362
1395
5339
7243
7738
0007
7433
8647
6854
9943
2920
1340
5910
6291
5904
7640
2005
0380
0792
5022
1141
7252
1015
8583
6930
5367
7462
5041
4917
4364
4908
5962
5736
3199
8603
8106
3732
2404
0135
8675
7475
4024
0324
9249
4908
4295
9380
8994
2742
6792
3853
1393
2263
9581
3757
8490
6698
9029
0977
3687
0615
0712
0015
9143
4437
9859
2087
3772
4694
2766
7282
6125
9901
6552
2121
1587
7790
4136
3755
2198
0435
9556
4505
5305
6834
8099
9109
3071
1947
8932
3058
0639
9697
0597
6284
8897
4815
4256
4880
9520
1256
3842
1665
6934
1149
0350
3947
5210
2290
1780
7396
6988
6569
6640
5382
8844
0450
0323
0633
5565
7461
8615
6476
5796
5042
6805
2070
8675
4672
9842
7126
1800
6066
4668
9964
4431
0319
6954
3066
6997
5260
3392
3274
3561
6449
6217
1495
6916
3514
4409
4853
5020
0963
7155
6494
7117
3722
2665
4991
7260
5003
9987
7711
9804
5343
3612
9869
5308
8881
8626
2004
8522
3872
5107
8073
2603
9345
5629
9642
5217
0016
1886
3760
3616
2337
1157
9905
9455
0464
5237
6914
5228
8461
2732
8588
9013
6857
5260
8596
3897
9001
8809
9369
7021
1033
7960
2314
1879
2935
5715
1774
8980
0295
2836
3112
5718
6768
4749
0988
1303
6088
0430
8867
5148
1323
6243
7429
9305
3510
0163
8839
8182
7104
2982
5065
0100
3047
7150
9486
9504
8715
8719
8763
4207
1553
1640
3723
8148
5532
3504
9500
3734
2460
2651
7966
2524
9398
1889
0696
2696
1190
8840
9196
1105
5098
4623
9602
3775
4321
2109
4664
1018
9848
3375
1498
9593
2755
5321
4592
0633
7961
7203
2647
9216
8528
3602
0172
7159
8713
7008
9050
7165
7595
4778
3191
7863
9759
2312
7739
5734
9027
2018
6156
7034
2948
0660
2394
8768
0690
3875
4343
2477
5422
7257
0047
1454
9976
7298
1341
3307
5691
4971
4764
5382
4960
8609
6779
9440
1290
7153
5682
8047
4506
7938
7409
5597
2425
1802
7248
8322
5533
0016
9817
0289
2572
3978
7688
0281
4784
9891
7429
5466
9145
3844
2610
1316
3862
1504
1257
9824
7370
5588
0245
0749
5458
3949
0694
9828
6010
5865
5419
7235
2336
3014
0442
2475
6997
2150
3782
4914
8595
6807
1669
2865
8600
7356
2233
0636
8764
5933
3367
3005
3614
9015
0666
4225
8281
1662
0394
9646
3648
2875
1176
5561
9679
0839
7119
9338
8670
5400
0010
2451
2193
5698
6961
6653
5083
5666
3322
0344
6756
1771
2990
1563
2624
7176
6392
6090
4762
7682
0316
5570
8942
1267
0686
1807
0872
6091
7524
1435
4242
2370
7542
7875
6268
0579
5735
9836
2996
7175
7428
2937
6662
6638
7466
4616
6593
4062
3401
6142
8041
5342
5456
4951
3044
6040
1033
2175
8170
6944
5394
9963
2471
2384
2487
7036
2539
4342
2459
7033
4740
2553
2659
3096
3095
7625
2213
3366
4198
8537
5062
7653
3775
8202
8187
2391
7546
3818
9645
2670
6114
6832
4276
8488
8134
0214
2208
3699
0730
0401
4393
1871
1741
6158
0062
0575
9645
5312
8664
5775
0953
7390
9246
4785
1601
2675
5287
4224
8833
4944
0258
0130
6337
5868
5533
7203
6347
5724
2951
4437
5337
9529
6465
2419
6415
3333
6211
6432
8912
3517
7039
9369
8794
0042
0046
2813
3234
9521
3029
4027
7203
9328
6269
9129
5578
1510
0703
2067
4955
2797
3415
5515
0692
6758
6959
6829
0014
5256
8896
6154
2607
5869
8778
1543
5846
1663
7668
8651
6498
1684
8317
1817
3923
8051
7701
4840
9960
8689
8994
2346
9547
3777
3490
9058
3665
9636
7905
0661
9692
4069
4718
7496
8155
6170
5153
5269
4770
0300
2276
2193
4685
4606
3987
6164
6711
1109
5584
9541
0927
9227
7380
5381
4722
5823
0818
3801
8154
6407
1053
8947
0653
2202
1186
7735
5617
0545
8788
8778
1558
0793
5956
9449
4010
2453
3674
8276
1016
1271
0080
5503
1765
9160
8570
4063
3055
5010
6704
8887
0163
8473
3729
5347
4581
6230
6339
8215
0042
8304
7977
9037
5736
6268
5679
8983
6473
5322
7586
6393
7662
7445
0250
0541
6453
5890
6927
4496
9116
6645
7027
7691
8915
0851
0904
2538
5683
4545
5976
9655
6982
1323
2374
1437
8997
4400
2411
4944
3709
1337
1520
5941
8446
1384
4753
8020
2870
4917
9111
4247
3033
9524
7126
2518
6225
0543
6695
4051
3378
8828
7844
5343
9768
3775
4351
2641
8342
5099
9478
6033
3938
1267
2940
3573
2423
6390
3760
4456
5897
5906
9571
2505
0382
5274
7825
0609
1742
8145
7442
9828
1428
9093
1859
0056
2557
0036
3156
0845
2059
3401
9449
3605
4170
9885
7184
1077
6668
8375
2697
6717
3115
6057
2830
1063
5637
8529
5187
7292
0915
3325
7316
7685
0958
9026
2133
3610
8911
6108
9700
8855
1623
3806
0623
8125
3242
8913
5953
5854
1625
7423
5342
2832
1144
2433
8763
1215
0735
5989
2794
2004
7638
5352
9345
7235
6556
4178
7131
1327
4963
0164
1721
9282
8768
7623
7415
4522
3850
7257
7546
4976
8834
