1000
0898776344
6482786064
7844731136
4355709016
5127213504
7556757368
6133530437
4248045416
7467289129
1204235935
4024906673
6113980554
7152227702
3210470949
9035385068
9091480954
9612050756
8370382386
3296059107
6410102689
0810500314
3812587227
7464162978
9306916680
2457831647
0641353229
7917913983
3122931587
1604873166
2147903646
6638725818
6886201864
6839780804
2744037024
7060303618
0813065844
7088855297
6062496210
6923581655
9079110581
9993794287
4575669428
3074117643
0805035572
6119021811
4267304160
8103717386
8092686514
6626500825
8448194279
4470110375
5463926776
1234563974
2831647338
4681200433
3775324024
1575300697
7073717454
9494630060
8103096118
3205103034
5777439008
7324518726
3095033795
5000716024
3467324554
3363178846
1957402127
2619346469
1201653632
4826679610
7303868214
5822721444
6825582785
8357689558
7228158832
1523299295
5348456850
0309078462
8425220079
2831141088
7008976727
4880289605
8204039594
2955968329
8301406534
0370934794
8901439372
3464105045
5993543372
0779596157
2601281575
6831346124
5248645628
2034073318
0388553597
0117870265
0856192776
1263541014
2974069495
8166067260
8481800913
1666909640
5544044662
1135479263
3630248703
3220771440
6964143550
5573153602
7025793724
0859694581
8820662479
3515287423
0608364215
1326674714
8011450140
5570309734
1550898657
0831522621
8436371855
1811453588
5052279160
1802490893
0038132429
2114265194
8455517427
6818490680
4640779812
9886032109
3686021107
2595113289
1781532984
2861414303
5569878835
3414470625
2205616033
7966451462
2684117297
8983075245
1310979832
3083876698
9088493212
8945778621
8842552882
1734890784
8719020853
6191507456
0948341916
1112934291
8705664862
4438223517
9312420318
9648731171
3604380374
1673355248
0487453073
2920536211
8200487485
5584689431
3722387571
2817904978
2970409228
3900269292
8344814028
2173110983
1841223340
5543961804
1063141141
4300920889
3256851132
6112140276
2368723465
6767044371
8148708541
0013708479
6735485638
0420190490
1465613290
0817544430
2055143387
1771079845
7450338826
3708993578
4428983691
1229773188
6437012205
3744029562
5650176510
0592210669
1888422486
9047386620
1773901564
2296873978
9133511860
2775480117
6449623405
9261881132
4282070802
6263968792
7941456034
1090516309
4370107734
0479458084
8703698285
0000286631
7597191359
8946029198
1429627797
2853106675
1611666598
6564714384
1626105572
8629945542
1001935705
0331430866
8768872327
0057350525
7139447949
9991008953
1231279825
7655794877
0186869239
0401289287
2241920350
1159991155
1296030623
1552759039
4275470260
7277316726
1080006427
8280766413
8513666169
8001499692
5215819198
3749198996
2505805761
8229806537
4630553397
4143804854
9466876918
8670316284
1622972213
7186677570
7808425707
3831005421
0244625545
4462434440
8046964105
1014968138
6910880188
2287256410
6058838801
9889334934
7343400279
1546657840
4187677435
0930787443
3946092657
6923295369
3787505169
6706681694
9913614821
4515169850
7621810526
9859496564
1893574166
9672402115
7010397310
5636855193
3059585855
9688823373
6960389693
5795649017
8062002854
6187852421
8644576354
5488333141
5881952314
6263870161
5792344962
5529826062
6580610247
5276610534
5368340013
2239259233
2475146911
5621147619
0476420010
9307234638
3025235966
4265570319
4216182865
8750757152
5743051289
6760816404
9396656634
7956496797
2004360219
3524732348
0230981645
7440072189
0927227486
2464868247
6378085395
3922399697
3009987265
7965065404
3847271372
8094058142
0236478903
7319543794
0987407256
1010849292
8616433768
4541565729
5922310151
1982668548
8345212398
9972070831
6524738861
7563695343
8275671710
5288760575
8525590121
6637688455
3248375797
5193412041
4634260655
3835714535
6477393409
2156881921
1344994954
9455483420
2852707414
7518040787
2477859398
6284140578
8264673433
4156349133
3574572070
5598830282
4548001731
5258462331
9140597028
8543844503
7384961950
9027828690
9232521129
7158587399
6590997419
8426546750
8902696207
2056357653
3787753728
5885270746
8558392304
2279127484
3025853573
6733037321
8892149682
7888071217
3922669169
2425576800
6799490499
6074393826
1863146423
2588615764
1041286521
2218766775
2995893176
0064600831
8763058822
7347359567
6488355094
4372080305
3327164286
9132810639
4712507983
8600837181
3588998265
7949845949
5190762242
1357575210
8039017015
5646615767
6196120906
0716422270
8898679343
3969849827
9714621490
9128706445
4944471801
2030148834
1959599316
3837949020
9268373189
4273195420
3682785754
4815848823
9510469971
3015238270
8064466511
2068670272
8473285696
9596631545
7254946462
0013720448
2391164832
6990712806
6220982666
1378558945
6112071500
1204498079
4690130112
6049746864
2206266178
7636955986
2204413130
5365092055
6449719310
5073959373
9068779454
1076768993
1637881510
4068082169
1693866337
4812528183
9406662122
0636873410
8803720856
7133288536
4104381529
1538449381
7170079088
3119649342
3990014709
9922144794
3754224285
6298338874
6392060477
8139286038
7085529229
0335308895
0226424064
8691628186
8691357524
8874018111
5113434487
1111152367
4626588521
8030898912
0062712851
9700536776
3042814546
9399480910
1239510411
0889696105
5318991555
1715476461
7963033129
0073232466
5188739448
1852471166
7011501410
9277041247
8070291665
9018870291
9231670809
9748660314
0688311653
1200280130
5447683973
4946579206
2174897243
8390042659
1236069224
6703809139
0516459669
9214820156
2778604562
9177668026
5828389550
3638053253
0309552066
9609298334
3466991386
1003225304
7768190048
4062579965
5210245646
1718872234
5892457808
2114699071
3848606829
4999129764
2469302865
0907922907
0428218853
7272631564
9512635221
2862553365
5303937318
6304201351
4767647179
3465961412
3444211971
0913666494
3823071300
1845568077
1982123614
9396157799
8640788763
1539025739
0935569833
1394470061
1554734319
9972637419
8856612026
2930586566
4833037161
2424636200
5006589339
8805156120
8779927865
2305743429
8188540823
6735731138
2666225064
1878984189
6976044158
0055103843
6280618558
8340242203
0903634839
3518026699
1296932530
3381261381
9083352125
8989208418
6682121392
7259390968
0259704543
1092925140
9596976146
6113288328
4988674407
0606242209
4154813685
9685169712
4784800669
7177220471
8524500855
7420120212
3548646390
7849408282
7388069666
0043716190
3837376254
6319944586
3523865198
4150838103
2429250313
7069085359
5640065159
0504376036
4667536874
8345809271
3690482758
4422059199
2203345556
9935850858
4669942314
1464505129
9363198230
0314279640
6871751214
0316337377
1941950160
0525648676
8597846807
2802192427
1434752512
2702881156
2646263571
0532318625
4187437201
4700162902
0711665102
5360619599
7809491608
8709827680
6179107148
6582610164
7648297539
9651085573
0549168793
4927288640
2606091114
3549694137
4716115181
0051780720
6549479583
5546543548
0384526520
8939524155
8106249222
0388123900
5755831208
0400093950
9473020344
1607235189
5581001808
0798325942
0482395787
2874602933
7897644439
8869616379
9087490987
3536348479
9255841643
1696384386
4400159693
9976199144
6987746824
1692279484
9226863085
7925579705
9654038053
3977127029
1576936074
1427354873
8108207631
1494478658
8768408249
7447146853
5986882089
8372560554
4302804574
3621473517
5420173485
3116347444
1380916115
4559286713
3652808892
3852950494
9212629750
7305058928
6233254172
6983746722
4301371586
2544667330
2873653872
2167113848
4096532936
4462872394
4537349715
8095825804
0267470623
8195691321
7523536104
5649160063
3385708491
6284666958
5548360664
6091329375
5934209784
0983749561
4180994508
0241368513
1120500423
1469790059
2024842057
3030959429
6336132275
6086849656
2485751272
4741974129
8973201214
2844545902
9279371259
4165860366
0775161345
4783145781
2849199656
7049562727
7907419124
0660230611
6343649308
3019012874
3977013344
0010529346
7362287493
1954506453
8582536968
1772480335
1662510072
5387103696
9150650196
8755432949
9419412679
1722450294
7632261903
7851514467
0980646917
5966210247
6498426209
7475505210
5869581158
8936751392
5313392778
0051047624
5614837811
3765714363
2689837246
5442040312
9147012053
0364030787
7361548899
9650160457
0311683091
9721258326
3765703755
9328589433
5633138918
9377146560
4471017178
2850248810
2635852800
2210290464
1034004655
0217276314
2286353181
1122232062
1347104397
5634245939
8516239911
5081507889
8241627680
4897257286
8417603896
2005722311
7012132434
7576231674
8381907238
8643752171
8801846082
1681984216
1109793798
0106028129
0167165127
6279486592
5531986301
7813349457
5430752526
4251846318
5181917624
5214477459
4604536578
7969592852
8980682124
6775833964
1844448265
5321087546
5685114917
0170269643
3835646560
6777027164
7695741884
2124980615
4025334316
1895161863
8460459422
1304240653
8423244396
7758996450
6040359347
1066202184
8026898382
4295769065
3500374210
0682978358
2705950122
3300391975
1449719482
6238726572
6511267773
1592939981
9085327773
9399043531
9888162411
1771866294
1569758577
1174110616
0621232525
0381239103
3780811427
4974140129
1511420367
7590401145
3909770800
3995315845
7816063841
4262705176
5995167839
1525460757
7113670385
1281724112
0375636929
7505171389
0059791162
5855501467
7091258305
2608502680
7296058311
2455497003
2323635076
7420016688
0057032704
9690822281
8837353615
5479777720
9736350389
2871847555
6035736535
7364048189
7655695231
0741671455
1948207024
9307816555
4944131318
5664024546
5971735267
9758869975
6754807757
0971953307
3682515315
1773833853
0432790435
8555046480
7529073498
6115023382
8557506760
5968356122
0334456286
0722204484
7257066195
6882335344
9355931483
9246026709
8412464024
2499700787
9483655181
6946203083
2529324837
4461611810
2355003228
7754230068
8242130820
8163316198
5497773846
6087512122
5896933044
6563522517
4637780507
4656169515
7873712169
9601084408
8548773472
5251936068
5988791785
8014765156
6117132398
3787331558
1358868158
8631975099
0108210462
1215578753
5555178826
3150491649
5151464606
1017023481
6909091678
9392247683
3267456452
3899275173
7724688173
3084821601
4470881183
7757473094
2167246987
6136567244
4742015539
1579168805
1231001723
1561963492
6074848219
3931926118
7965901301
2153958387
7928330376
3765561393
3262589329
1876453379
1645197834
3989462631
0906768221
0207080890
3684464950
4740941018
3994411160
0686361242
7510816943
9711540602
7387074481
2783196254
1100099622
7675954408
0591730779
2052554970
2814116896
6457855860
6555330699
0492143468
0503537282
5157687234
7173674112
4754060672
7921500330
1189100779
7727196902
5467129517
4951846742
2751003920
9012826541
8640761843
3920159035
0646067642
0928480544
2843414792
8244198240
7276043743
3325777743
4572653351
8179090334
8286566905
5964677544
1322256852
6012737932
8804755448
9243841793
7164152080
7328664752
7547452665
8066099095
5477539287
8201948095
8607097368
2620128670
5118792756
0729140747
6807517369
8305902551
8965585886
2985540297
4475504570
1951417367
3684376778
6716914247
6784846546
9704277250
7909562670
6626031992
6539825936
0361380506
4603878654
3746484264
7013071856
3520698785
2531173301
6855773166
3751344468
0961370988
0019191161
2088760192
4707026240
1240535979
2949161603
1860037737
1920340833
6442225509
7584581038
9315582196
4276338021
4845650911
2206607541
6030739012
0839738541
9776844472
1874878627
1737782507
