1000
613324616
422150825
022191136
582127649
951978165
743295442
994871783
026928432
990020634
922537954
077293266
887316419
793345336
323055223
991995446
273101910
945051190
304117454
979126348
652614376
133205482
114056244
947889637
976178004
751377202
908542893
828939612
519976133
248771887
525362305
705715723
418458233
558846035
081333298
694279672
480745531
712914900
486702772
291015730
730915462
493078828
585384884
391635547
358464067
816744335
539914508
405839123
813145935
350365499
718015103
282324728
754502903
139045029
318469740
152337692
087748553
882314832
391788245
039756982
160010671
635876832
476633396
249741717
984627940
677027926
840031040
632113997
011789123
269264667
248688943
916688438
981261575
836979641
310540286
601558978
658755288
131515975
011837534
849835270
505191743
961587884
704777114
770304251
287803396
284725342
125086270
824251807
958340324
580528587
396712694
132016524
624765294
350038281
747517719
301743507
832174789
526913330
050246362
415158237
274707644
487820397
823555106
263338043
016711320
208069572
339338624
011681190
264545849
876214768
381223548
826722631
658909134
938365876
999375776
504490123
065954834
062373172
126818311
172958628
896988526
669708009
082060074
686267587
122866478
289847706
784749850
222524681
610398362
666947713
674615359
736965368
986876483
716656589
625578803
092035184
715188640
113654862
423666217
498745663
042540574
272168457
628022231
992827841
317191261
861443385
112570053
605470849
527799910
105582227
290583262
723298674
855235312
808146894
426464302
951188686
037547246
969339753
206533641
028680810
997597645
752931475
207063035
471711582
938202641
987371714
153612936
666692812
838561543
063371175
728182742
995125553
997263282
257676001
046488251
603961767
185587412
088221484
873241447
025688797
488269696
585972691
002091965
123574760
768155211
485383273
382160056
967991377
085201624
500330657
234061123
645074371
515067690
820812266
859274563
609363575
296907384
800924182
175122506
499495692
736490445
717245740
841108640
090333527
922293578
820826275
603135996
645414072
088392726
207751676
967732260
597491696
790039533
238000166
777954448
354697791
404328396
751493602
575178593
177850907
076417029
511581821
775686340
952496703
666687247
232831531
949657765
314491973
674937891
486478928
359101550
167945879
662722954
151424381
379520970
944596481
760384048
301446738
559548535
594901702
445949618
011632627
879327001
782168994
087899904
505892596
122213029
709744703
490663006
014950257
606478611
270137113
227876775
290760603
140383003
623884699
778957437
692747159
626736982
111790654
303641139
648836077
984722261
405363352
986218893
581145715
574441860
076560968
900530831
611384193
703640024
185881062
896556374
382959803
801994432
841329368
123364274
272927665
645032298
128846576
666876481
751093196
306787595
959679980
277960021
942210224
619164539
755725499
160216691
967918198
251631836
335509158
707386673
864576286
070592329
201417542
174322204
770044669
834178373
995715535
563235739
458157115
498143663
727917536
326843712
027299143
899980763
750048418
838018299
524634468
655354746
643525392
666166846
100062052
216279948
169803313
007151820
713785113
476961404
928095925
380805104
274064356
369964006
159539998
940237414
111374926
207088223
507809684
305969957
932831117
993715464
773124127
494778708
157075906
341632570
709469644
542282965
230495451
030931202
181506311
498072918
906869450
970223826
446610852
414768680
244221803
774224348
844412691
149274734
003665645
176363344
653863125
412555305
446512080
399304114
450754788
617184576
952263277
426911016
044668244
844408443
934942160
851829491
530142200
165858164
653537592
981881016
432500417
089801712
554859453
663860331
910921905
179144160
566005283
988931260
262258903
006261169
728557692
703943662
385164851
904680155
519484843
601067224
204499842
357283329
536632126
858073658
506615118
339170496
884922194
627441934
377635834
279039455
680985490
286152171
872782235
747475933
249386344
424863927
414106328
833401330
679903494
526628706
650878684
416303940
099363625
344622615
248206971
205271633
183565031
586756241
276962214
702206811
594871052
674072431
038944291
082278920
220747215
471873902
717152924
865476307
070227910
803349803
082426583
887289667
093934495
014623186
108258264
531517610
988452360
675309219
046012672
868254474
242058421
594188720
849142144
713176694
054115219
473549753
115207899
837650801
601400565
186941855
656582298
042255638
596189151
602146652
098004411
519156761
964733891
881996620
602382751
287798914
180191137
376716459
653696669
912913237
519644095
487207987
390006184
097767245
653982151
993688871
328214096
635183360
336028703
594731524
951617581
981696328
629330023
603755742
361698194
545898358
585658054
147164289
199678259
094838462
203633136
659306654
797320040
438310828
020013855
143281727
765650319
594043302
243048105
254055497
735260825
431023553
537905778
387070072
475197737
932467272
951783728
469197392
238485313
747030939
690512894
152338623
351842025
746159051
658083282
591841715
640725459
460135197
421297500
426434775
248184686
634866524
138650267
566555983
666052175
763649511
222271735
139508349
710927874
422595904
010592058
048493440
605585678
150481617
051218273
185887322
329667716
748558291
489245371
873718054
973131223
665774660
141739373
018252081
823510088
571131125
420827591
507918694
034683995
637907104
860014434
249436431
533641813
044529986
236864889
639840228
866147784
635185345
131305927
528743928
893853933
111548768
547907507
316751551
704306124
880581967
958663025
758946459
857278654
265570995
592158309
057476495
471005011
473130159
005394468
919686447
905957330
919579522
774549725
085309665
037523765
436855329
913484308
123325563
728739353
972771467
425549364
154379806
278424283
106975424
131438615
855372051
232079657
220676255
861766270
086643837
308560271
853683347
931199570
880488624
052297827
650987793
973027844
449380441
263856220
471393425
769235926
096933361
290340468
440040030
529870531
889893430
307703316
566197853
446564601
889768720
877815652
655802732
883385184
874693204
456813381
243240573
279877613
338245802
303514898
726298985
629052214
926673587
143575583
085390466
246121013
337655830
125493623
801669280
659474519
868598025
604675807
753689973
999732973
851854991
170708856
358191702
024085458
141954089
610369250
837778655
088307461
809699175
012817848
855353602
578239082
983673783
934922113
553668568
599937213
540716263
859909961
270278102
158640252
085087773
954087550
469670860
322864827
103288703
542570783
884310590
497611772
243295958
706700513
615769155
156241713
848907008
053624410
184112256
841857865
991000157
119096753
065209636
944627733
424019254
649456847
996659411
700964255
222834483
781962842
394542459
145801927
961188903
386955006
090451022
900746921
253857698
406696792
194826163
853993236
346849698
932225350
749118451
472161565
950721589
024215095
917748398
719341820
982336289
841316996
521270908
625308772
160201433
597519567
041557981
015093199
036004523
608831984
623283744
796556997
842394831
857368499
066146783
396037955
028684514
453063696
767732300
042589093
298481552
978640719
600490478
311894444
719270256
649976089
550992461
517116114
429358407
678642865
354636502
820778340
939039009
088034955
354507375
950790530
594863752
950642265
466536306
253441038
927284251
746867860
301891042
336749152
458065108
241601602
114754168
459260906
456377309
501434168
416712857
045258341
614040130
207318704
949677295
271767628
303525451
596158727
982892387
264570511
649178909
829370015
346988611
849465684
929112027
716229052
095589570
881957183
045492317
529701620
025672097
479122630
243305044
529714536
370350230
336249184
472335851
872533809
781630939
957751319
771476677
944224634
464614507
343585741
845721879
700465570
424751566
072320406
978859064
860737674
711921446
503532974
225748896
293305769
385871619
399314325
175441154
993557458
153737371
542620494
396260728
988891410
451691285
001258287
215091227
382573826
616170692
347862680
373437876
608268523
260002845
458332052
285737800
178613247
315421946
236349995
405365956
958565940
395808237
424719881
917521982
244765974
850712861
769933234
587488392
117734098
761230715
812366250
671188313
339539359
614753137
825289368
892092178
834071048
267573081
953398639
561145571
317999879
323063050
841925748
464735797
611103088
596683931
644228124
576234930
260442449
693422958
584230406
919049086
827996907
183763496
442865007
958003957
239015408
146938346
884577057
829459667
436293984
095417685
441668086
975798952
161548450
458746963
700154056
762314455
288729587
731711925
315732368
425717594
944113382
540701900
717004726
297737403
749627489
160738892
467927905
109773581
502513658
333655994
994091507
952207860
617708099
181085261
637062241
945242808
420054983
198293116
797195051
265533482
780164043
156249120
691170126
497829395
863631987
558017485
694451153
333266881
892698522
456961348
183479648
322614942
774551688
045346403
395904229
996249263
064652221
361608150
548756247
724961250
444890744
678212911
916441067
661906913
714363192
645527945
332302545
157474673
341497960
467526646
889357019
964584665
770447774
523028729
814129325
873083836
577914867
369346559
318241906
490279903
875085470
863240180
645570037
173904491
577271057
227406502
076533240
051681775
496483605
218822302
493399435
418046103
219161415
866914656
313872468
757927606
586603203
151228629
245636620
720225998
956851053
636390181
157663591
565031842
722614509
360144776
208008594
183789791
336209906
801742471
689158889
214784698
862703684
582527742
669243980
427339316
467067560
982248145
380432629
086101158
563886784
933457361
520004103
518373786
735469189
287022551
102121500
536718941
290527472
833453869
386756558
450111026
129489681
798470275
334287149
905505901
776988226
659733049
452360929
509845660
327244125
064083342
175786561
327986479
654069927
850084256
671001011
706998336
717780713
520740914
694494386
776029336
759303489
084311472
956328635
805987701
600032264
523447235
254138230
897099597
384279582
922260286
