1000
00433803
91073038
78499506
86023109
53159230
99553262
51477243
73804326
58615150
90263109
84098080
42166174
78388164
34240008
36829325
76179092
75304838
94872075
30970210
95065530
27252879
41995924
67298668
70588301
66411696
40756240
78208102
19829412
83761652
19037326
42919767
68266002
19316040
28929794
50496091
90452383
99149977
01122151
18997330
74685062
64529887
75413515
35046775
81488272
51168042
08695576
49853044
06564361
97190328
00883695
48914470
88601023
59745505
22473752
98795011
34627463
15369357
75902771
24211450
61174827
97822275
89502577
10367718
28608395
77945046
01969925
08017387
85143662
42924904
15155307
75577887
50626393
18569330
94845312
75427429
78232391
86731505
48398602
80222014
21311688
17715601
08545803
38872327
43400429
61197759
85446665
34038926
57350214
80743189
85006926
75583714
52727314
28603809
21429948
51487781
99738165
66568748
80172795
83910030
91556287
54116568
60131623
43724927
47479335
37856547
76708263
00634651
85796842
20617078
74881224
92613709
89787172
02918522
69858246
49133313
04301916
88790123
26645474
28813226
43770904
16713371
53969761
27893959
83477732
71450146
87231133
57697653
40150632
10413668
04232667
04909070
48354259
47272902
53148081
69413319
53976648
16264392
53084913
87804096
61419592
37496142
22662523
17972314
35904979
29787044
02839281
75817816
91751957
43683775
93937314
78957903
77809167
86610069
23940751
14760653
10871764
97742334
05589054
08629144
18345791
77135328
68890389
73341019
14788235
38098986
30626723
22969782
24677470
59023006
64181430
62886309
30736990
59174198
97878732
09558870
02743473
62150166
56746939
24973027
01498554
32896769
20463884
43189416
81804008
11648981
53199177
00401413
60363245
46248928
07915535
27654126
18170395
57153153
99940458
53061013
00152992
34956054
13205063
84270382
94915355
41958639
24467157
47192459
30161681
01687436
09431643
69197939
74691483
75073774
89998162
75127710
07442284
36339148
53637063
96955025
60883440
83451489
98790597
61830779
14850105
86542458
85692661
69905835
37546947
39032048
09171282
93351632
29681283
51195491
59126341
25506263
15485945
40147176
05197329
62420352
39654136
34619531
97319044
18932896
69990524
86721716
60664979
22548047
74825202
99977894
22336944
14806244
63604312
79022120
96502500
42505587
99750529
87818024
65817687
67896739
78190551
94444822
00723340
84208728
72133852
25882859
97135143
92744219
99811654
82401654
53095144
16473286
49589457
46342489
57605809
56464374
10500412
64693702
54387512
06497846
39808498
99558482
06481584
62173049
56220304
57769644
09877874
59797094
45634358
70197158
51105400
90649362
86327825
98315917
63052448
26080466
49939135
23577047
32555887
46151436
13567888
02982889
89559370
99483478
86273584
29020262
32377848
78976335
98204565
41204331
74060413
38700513
18397761
10257822
88019619
71428962
49476965
58229556
17849419
08243617
94617441
24961126
25557801
02976017
72600876
17921315
13200109
41539364
48411990
29897374
53143173
33251730
42804699
35465322
57967332
72121530
62414714
50481872
92459629
75024138
68754739
68654500
68012929
17115253
32683365
78984763
31566748
11000318
00208723
36070956
95062305
42490781
58855972
66203238
30587831
31285386
05390055
25752044
46629661
88161952
27402145
02244868
14968143
08742149
27364246
65170514
30555362
65740525
48872840
92931668
60969514
85665097
81927928
81342181
83739460
09124576
93659109
77892025
01184014
69141095
26191594
23152095
24041561
61046693
69220425
77674069
66455818
13544204
28301825
09016341
17007865
27881474
79356924
29586585
36481640
14072744
77201880
18687532
54880221
23762314
41554340
47121431
69202478
65641636
40285721
12543353
59722049
83767820
78366177
47447328
78291722
86683236
90502005
97795731
75043360
21262520
08156143
64918469
69986214
57063747
13418329
82986391
18822803
71522533
89151995
73688635
21385662
02105135
95145240
78813782
54257835
70355889
87395153
36873665
71082212
97267783
76127150
98053379
15454586
89516299
46333379
17860834
78950232
82351310
43987010
45778627
10962286
95453474
63134515
70880606
37054890
37038648
62833600
26829411
86998790
19967411
39031369
91698178
72925244
74593372
87232589
96030176
56924969
21090437
43205498
56995912
08208807
20260124
84696834
93188849
14844684
47255453
60182276
10201571
02644208
78625915
95342939
45088643
15309581
09090273
27661320
75387207
88291924
56866830
53482216
54273680
05596881
11864802
47128434
40396764
58850174
73232110
97639445
37347483
91728765
13276232
33057374
30250099
40618726
82986761
34995674
37437788
90405319
64209272
66774499
71707311
41346500
58674127
57455073
16405223
82774210
98975265
14524145
53235418
23069235
94917252
58414753
78860618
70745198
83340050
84669537
89764984
85772324
99981677
31742373
14267726
21850018
72524025
30579022
72911666
00208084
20384365
86652775
59139831
16273291
86853133
59516938
88739095
83682011
51463460
76679022
78701109
31445030
40353918
03383275
10138338
18301818
29383896
07905164
56613777
22052402
27845955
75348530
89436244
65242856
63864821
92737097
23968583
55112859
17271506
21884201
78863978
48661744
69644873
12415966
11973448
86638451
27268427
26328333
52291398
24662087
71740985
35335440
96107249
48476897
16309602
65500074
01164396
68625026
92196299
61323854
12249032
56358785
60332734
62406770
78602552
97451816
64348817
10222281
18537538
29199083
89877859
00816742
58628202
40818062
74938666
71132764
03240194
25607604
62729741
86392375
16851790
31758730
61579203
18424734
65147339
90155153
15468169
81387327
08096061
55294111
92738040
01811686
46249392
16296491
21009965
91841763
91417857
52572128
36126443
96117469
10580591
83954330
37877856
37664328
68909693
37029926
58275800
21323958
90624971
36491220
58035004
22990074
93379498
93899153
92260151
40540604
16906486
17840378
44994783
49549156
19517111
84785036
93209985
21741491
51267631
51442627
25713107
99447680
38888716
00778088
59446731
60802057
85600428
72409207
13521102
79260967
75952033
88164430
42080363
72786689
27623467
26022214
73561946
57236272
21096805
95244103
67165454
68105089
81771864
72146311
40227263
50891553
59753887
82722202
40777045
00378971
67104285
30429201
88100695
30457599
55985636
26136332
90499432
06688300
16585967
96002396
15631495
06919858
74212083
39612754
46870213
58388100
35758671
57268489
34793248
33347272
63410689
03667892
94920364
40115512
44335499
23696505
14929762
56294257
00261999
42850281
76458656
34082083
65585997
19813294
24416149
68430769
78460277
45404493
89979789
78794600
36963905
74181263
03127358
01495915
29371735
71347293
77947192
64351345
60609969
57515507
18865243
48371239
01376571
71224984
63966584
64939127
51764544
52890912
12176397
05062769
02101198
26356289
94837729
97837533
55794911
52347037
84080718
95262336
69461829
50204697
98793268
62420709
69651075
08258039
59627329
80267500
74263079
03641715
84142772
04997511
01369193
79856239
34722066
41291372
19436710
05580861
20687407
96414216
19623709
36098303
74003585
48596845
89558191
14126101
15858715
26534318
53580238
64282972
77077623
71432729
49724319
13465144
84354929
02102232
96396191
19877510
64312899
80461038
07491242
19294576
72470799
53810239
76852631
96827370
61372990
64095088
01000256
65636728
32683043
13866297
12695909
68635565
32074125
94665763
12184948
61704582
49752733
38601852
01225420
01059720
22725774
70393046
12260654
92068359
21043469
89529224
74420432
48767257
26523374
60466082
44631061
98160114
45369770
44765064
49529599
09938651
01413727
43481997
39341581
11817502
48751292
33898266
59345582
38290453
03784662
63777172
34650811
45538553
35577081
01596488
67737514
04737629
25685437
18537990
97313650
71532078
45468950
39785142
83414568
82902376
37797463
25586993
75036123
04928739
13623918
83703518
83615712
11709460
87895978
40654326
39843790
01207498
68320914
10162807
58540917
68466796
38217478
58052628
09023923
88995456
35225061
27140533
17320330
02587796
73639087
30935194
48456436
91484298
79580078
82050998
95848606
04410047
78202123
59390690
20192189
40099777
20236795
14258275
93584257
45929467
79271584
30004020
21125940
00356390
75257379
61366120
16465542
80262512
75771124
83234643
18353146
49763052
28041946
42093184
81981462
97437270
89761299
36715899
69687509
01592407
56567438
21736866
41005616
82085182
10530812
43211647
76069062
77187524
84846866
03116067
75907840
39046340
50714375
43178395
83505508
73195517
20015316
65304525
63574163
45684344
22973619
17046327
22895079
53203744
76745446
29648358
89832581
46897974
58660072
18513749
28710810
24734688
53263970
35760238
49132974
83931064
29213183
74855995
50540195
97819679
62305197
68243729
35837423
26679451
82963532
75225352
88209093
41270523
21000871
87363516
29003362
75938568
85244353
39077309
35600796
10383119
23762745
89383172
73509570
82072510
73059642
14392420
44446468
70545837
37293678
30653993
80461127
08239671
73614452
62701146
13068125
77986229
75885089
19421114
84250721
85290862
43480799
02141606
48122272
35687186
89573897
01478969
89076536
41665541
36814797
97768758
58830066
42217811
06096053
73080275
92315175
83797253
26605423
33349526
77916274
28027190
99756921
47305396
