1000
092952
624020
342550
242065
915556
531141
509456
057448
990136
251412
919318
074038
423853
619844
836307
805451
020110
618672
808897
633101
911420
792762
475770
153996
989234
891046
837571
202255
079537
519698
978965
841560
951142
061907
111835
464503
616296
514062
116183
533966
695773
636154
061798
498294
700521
143398
155914
951918
028429
044567
109672
394678
883553
499721
780360
700756
314799
126970
335603
958474
944495
767621
023465
832147
793014
748234
860375
834181
748689
296326
211535
226880
959260
473568
804898
029643
863159
567031
239185
805369
844397
705641
434996
644288
506320
859113
770398
427414
175644
001456
380884
194485
046281
534167
694958
913296
427753
110177
003097
825083
918422
461143
717043
564911
221055
239745
420115
450735
013827
765071
123320
688281
257174
299331
146161
699023
904739
741843
204324
129929
003299
510906
712470
854725
354695
564519
186952
868827
770397
119896
093811
915974
258527
265610
249870
209534
017556
181516
623580
624730
040646
637005
957861
738672
714848
159984
745424
898226
838336
090640
703460
533262
193840
656514
304177
824098
236055
629429
280106
805831
620571
450370
854581
616938
514306
198659
661037
876332
563613
937470
730163
636087
401592
897166
174169
770047
358725
372791
328621
000528
194032
603966
953468
655845
448157
618314
417477
927752
939542
248153
733150
205379
328790
631020
492024
194555
132399
972623
815697
615082
036710
874240
903824
362168
396066
948088
039220
265855
378382
310490
071416
607179
235515
778627
555522
824294
981152
795414
328933
061037
768656
500053
546878
340853
533571
240582
316320
810438
895540
893638
967971
568861
305528
524597
738838
578937
466298
251115
527644
859880
904113
312765
299338
522559
615006
420796
874907
363617
505584
289796
340917
042831
653300
604162
927596
902637
015783
709449
920746
080816
974136
463132
136531
809444
589676
519140
740996
573702
677277
972675
264966
023206
818821
324542
481630
311194
292285
065415
641946
628295
819006
620798
428011
822275
053429
961136
715673
254378
968113
895874
334396
896110
064323
107133
588083
888537
946061
400912
304327
917531
903772
853479
906990
761495
961022
707217
582922
400996
710124
449345
794875
015300
764142
869989
892246
825654
356169
239838
883198
946188
185990
856030
657410
267895
351156
467959
449496
364371
063034
103065
328705
404583
498604
869036
051501
383691
000445
141376
961219
760492
187785
701868
585132
743023
938087
076509
372136
932726
012108
343569
351989
082186
927158
179613
179760
216331
720873
700343
045880
213345
439123
714998
694896
076066
786476
646284
727919
740175
160074
076458
344790
398681
072799
916956
363574
316573
285253
690320
269914
143597
312276
392353
575107
897180
417080
397792
783193
083761
800680
606085
168835
752252
959581
693218
769649
312578
037103
478502
628921
536210
713803
974322
361879
084436
722430
504265
567081
441648
090844
826030
301192
101201
412090
227918
125457
358039
397822
542144
891250
811337
462314
243665
245055
012672
599001
075494
861500
538804
540636
594958
251602
362022
671806
990520
167157
739528
311807
188710
601995
124156
474485
689725
336488
216789
312123
719794
679984
354728
558757
250217
280028
310331
042806
855477
876280
763453
283871
665868
378966
729433
970691
943548
232460
027477
849296
666020
789270
565488
195755
422414
508785
979951
051818
123563
291366
251018
441738
237101
731047
504080
890816
037092
734164
181211
683129
590196
806958
246263
616149
301040
506142
689685
099251
309086
599562
438038
903503
323384
973641
885157
364385
106332
025432
132439
638628
532699
382609
561824
048107
008250
431258
682012
487848
935114
417873
693714
061588
726937
889455
363463
449512
215316
886915
727362
776137
014795
312004
459279
841351
149711
770692
934325
452348
303759
483289
440392
436515
443930
739176
197511
024240
323532
439096
722774
762308
772566
747283
862090
728069
939869
339041
892312
901416
125716
698014
272835
673291
489952
163382
888941
727129
490753
529102
844188
665518
431819
975036
504137
834141
113912
663492
224688
015170
403306
068654
957332
012170
863200
761012
152040
917520
923940
995897
649997
264090
427641
557658
862494
761308
050003
813444
361407
489035
750208
868508
124070
747765
794513
003600
686992
741155
443341
629612
171746
969969
943451
776481
523286
862606
306644
200642
875056
402661
552407
836968
609572
617281
397110
302571
476010
587339
981759
040567
224011
002149
308368
932996
324884
721859
669597
052206
741974
695857
135223
014384
281233
997525
997528
191457
907842
216038
065962
272824
384015
437512
257552
674816
952985
957329
323944
064764
467478
912720
598488
616007
698951
781512
790268
356018
277128
394834
908637
578434
674727
679371
786991
948243
147093
697213
117993
223214
900228
356290
485684
020953
912845
852298
095626
625584
866062
127021
934292
915916
507912
592223
852635
243871
050887
725228
900863
136007
414156
077773
269849
462307
373498
524182
109039
032781
922068
572289
835553
150107
710765
002146
817706
036031
214081
353548
520020
371309
013330
881717
208110
850353
501440
015673
895394
224603
460764
597928
571978
175061
265463
162560
603266
952094
389115
442394
858184
022177
129447
646071
676337
664340
827974
649081
639293
902152
490875
012137
738799
121473
334707
109884
774708
663465
420983
790032
821526
781494
042272
154495
370897
053036
036648
702004
564455
272281
170388
862963
297476
096542
282130
486421
217525
059044
348751
064241
975095
074137
339585
622462
348769
251013
327793
448337
165429
072873
539265
444087
318984
003767
581089
079231
166872
803684
844463
066715
146884
748193
118081
857566
681931
114646
555272
591214
892247
826559
275914
968975
712516
058949
287311
695928
737471
017802
852552
959196
256997
338859
268528
421460
442448
138244
872946
666885
455384
224413
520202
567219
212363
755206
515628
986621
536044
454328
674050
710302
429657
577642
315300
124051
926086
470701
516301
939600
444694
085085
344588
961010
304467
023358
189389
808349
878627
207757
904339
937964
869392
051331
892810
638080
466533
040956
550990
826815
205439
865705
317501
884707
685566
224935
790897
070858
489810
623101
317752
452961
607927
940968
208226
001185
064272
495806
359288
795033
954757
328044
815206
380643
624228
408059
880005
314843
417315
365504
338038
591720
052356
884066
426831
588641
417279
550001
872626
931826
764782
458878
453277
760848
330200
011131
692488
630236
245682
281510
212822
793466
706664
381386
543408
559838
206292
765548
511832
000118
265396
236410
475514
175479
845596
062901
346091
524958
152851
433136
679981
383876
391369
436251
447800
920670
885477
367564
404087
284722
715178
798249
700012
621074
437987
745741
216930
690029
400542
797537
563233
171823
425512
326377
995373
809353
215703
486849
753487
516634
984123
304438
873535
002156
145578
045304
216241
486952
340524
242592
352567
089933
406341
251068
652817
028923
031814
828724
230334
708375
779467
580090
532753
099693
407860
398374
969331
804970
804461
077290
382561
355929
527603
915462
547895
074162
387009
569933
959444
427092
348319
850205
182339
